sl 0.14852759 0.13143647 -0.21969505 -0.10993024 0.037777007 0.22115855 -0.03285619 0.26357198 0.24095659 0.18193753 -0.44049835 -0.12846968 0.014801087 0.36232817 -0.46818954 -0.14159472 0.5296731 -0.09322073 0.066278785 -0.18718396 -0.10160761 0.16929811 0.09084192 -0.2567606 0.5524475 0.2723469 0.74465305 -0.029974196 -0.13163024 0.095807455 -0.58699185 -0.13483293 0.028136186 -0.18333063 -0.19642758 -0.110047325 -0.11325284 -0.31247345 0.41931576 -0.046356887 -0.2267068 0.39167383 -0.35236895 -0.0737399 -0.35389197 0.17181255 0.45483404 0.6237374 0.02188197 0.11256066
ca 0.2632704 0.6400852 0.12775704 -0.07739611 0.4464153 -0.5004248 0.0066403886 -0.2032123 -0.6225041 0.25809237 -0.07975287 0.6762557 -0.58735025 -0.401081 0.56086636 -0.021762405 -0.18613315 -0.38776654 0.34398714 -0.33668512 0.15439752 0.49206784 0.54738 -0.21562786 -0.51203454 -0.071593575 -0.3076785 0.21069779 -0.03628788 -0.24473517 -0.307796 0.2083644 0.22581199 0.0093100965 -0.0424583 -0.62677515 -0.040822912 -0.07640614 -0.54002494 0.25252894 0.3750787 0.8853707 -0.19963819 0.59162533 0.2150124 -0.12858722 -0.41546917 0.6570945 0.31434217 -0.2869082
es -0.11140086 0.3711658 0.34255576 -0.08746596 0.17451945 -0.7385573 0.16018455 -0.2940827 -0.17061335 0.42011195 0.2860054 0.59907544 0.06961096 -0.0020659503 0.19706841 -0.17544822 0.3179929 0.06685246 0.1329199 -0.31245553 -0.005147958 -0.13321641 0.8670169 0.29182383 -0.595447 -0.16602047 -0.8082817 -0.6383539 0.29105395 -0.055237304 0.29202744 -0.038099874 0.37104744 0.012306 0.06398482 -0.7217262 0.57725555 0.13316801 -0.15141106 0.46164343 -0.27409577 0.16098128 0.09347529 -0.051333763 0.0773439 -0.006838539 -0.0750709 0.7424809 -0.24941747 0.33145922
it 0.14282273 0.13075414 -0.1599915 -0.0987862 0.13724615 -0.12920386 0.19503649 0.59566617 -0.20192756 0.13685498 0.010461273 0.44419083 -0.2992566 -0.021345465 0.26641017 -0.21951628 -0.2524546 -0.26292086 0.4693356 -0.09070383 -0.02420706 0.3935895 0.40117863 -0.3662467 -0.26755783 -0.09356761 -0.87704885 -0.80769306 -0.35898975 0.07575645 0.20281038 0.54823893 -0.028922599 0.44609556 -0.2253164 -0.70737094 0.22455464 -0.16800694 -0.05782023 0.41005224 0.616584 0.575957 0.018789444 -0.13129282 0.061575178 -0.6488078 -0.27152285 -0.04083201 0.26709214 0.42477658
hr 0.3184852 0.22016004 -0.6040873 0.5737105 -0.04157256 -0.61060137 0.22591725 -0.30175576 -0.0068817097 -0.2883655 0.054275542 0.2868711 -0.24474148 0.29882035 -0.4059637 0.25746927 0.50500876 0.018253135 -0.6870318 -0.3784562 -0.21085116 -0.018416593 -0.5290484 -0.12685448 0.7122919 0.15972 0.1229608 0.1360404 0.06689555 0.52928597 -0.29329592 0.0068484615 -0.09512537 -0.101177074 0.42088586 -0.08790092 0.067381136 -0.23297666 0.14933693 -0.31140664 -0.5093305 0.35172942 0.12832086 -0.5020794 -0.32554862 -0.25495893 -0.31669694 0.17857964 0.3780379 -0.059339885
ro 0.60262376 -0.07280284 -0.29029134 0.008744608 0.13201916 -0.17615274 -0.21893956 -0.015927976 -0.44742128 -0.5674509 -0.4969264 -0.21449383 -0.14853825 0.5063138 -0.22901058 0.42550525 -0.57477176 0.36274183 0.31626716 -0.4901051 0.23597038 0.40679008 0.7427874 0.55075777 0.25944707 -0.65808713 -0.4289428 -0.1132676 0.6258269 0.013700046 0.14600137 -0.17332052 -0.32237968 0.5622243 -0.33647496 0.17431296 0.07510238 -0.3117645 -0.35104895 -0.04684929 -0.5321549 0.42944863 -0.0032724699 -0.17074992 -0.13609473 -0.36949876 -0.3965931 0.24867542 0.60907114 -0.27597013
fr -0.0161794 0.011137392 -0.36059624 0.0804014 0.2645493 -0.13053825 -0.33956274 -0.08920279 0.1753362 -0.00050532253 -0.27870402 -0.010972086 -0.58340746 -0.08278606 0.17800145 0.047379427 0.18631966 -0.48524693 0.4374244 -0.15805584 -0.1188869 0.05584753 0.5998298 0.12819454 -0.39044467 -0.9193426 -0.3028168 -0.4942338 -0.002971173 -0.122807965 0.416479 0.54935795 -0.16826764 0.10900216 0.747372 -0.6910274 0.4939367 0.36004248 0.9382388 0.27265128 0.17724329 0.17665684 -0.7759466 0.42733666 -0.254862 -0.24442416 -0.2061683 -0.3306052 -0.31794092 -0.27949727
pt -0.0266616 0.18188706 0.036377367 0.043498915 0.38420358 -0.07800376 -0.20469826 -0.026873399 -0.22225991 0.11360551 0.30142456 0.26334792 -0.33340737 -0.16727108 0.46789712 -0.76962876 -0.34759095 -0.27984047 -0.13969587 0.03691533 -0.0985097 -0.63452053 0.7513081 0.3938704 -0.027241973 -0.2219248 -0.5588861 -0.80473715 0.1250373 -0.062643096 0.09858217 0.83327335 0.04726134 0.4181395 -0.19157459 -0.6313251 -0.100369625 -0.2599399 -0.4163016 0.33018303 0.12448003 0.1485937 -0.061404984 0.2959978 0.010828552 0.26987177 -0.09110697 0.42341048 0.11611892 -0.19812244
he 0.4241139 -0.5554687 -0.12964965 0.21058996 0.08671301 -0.19500904 0.14481504 -0.22186051 0.15848188 -0.43906307 -0.4803952 -0.48472217 -0.31501198 -0.4138788 0.48663136 0.17294334 -0.15151712 0.16772448 0.14249563 -0.32191318 0.06033611 -0.5375137 0.36736724 -0.21399899 -0.8191717 -0.54056346 -0.09165545 0.080303624 -0.06990844 -0.18582097 0.110411495 -0.42864487 -0.66602 -0.5523357 -0.11952702 -0.31512803 0.07007716 -0.8107804 -0.18081188 0.3653464 0.35102373 -0.5251319 0.3440091 -0.17062606 0.18044291 0.29218143 -0.14738017 -0.10614509 0.36620396 0.40957335
vi 0.3933249 0.07106292 0.024953125 -0.29765677 -0.04329149 -0.4841898 0.011125885 -0.6067684 0.613879 -0.25510833 0.10560448 -0.7322862 0.0035324509 0.17515509 1.1069905 -0.11745892 -0.0758118 -0.2770263 0.26284713 0.13901417 -0.25477704 -0.6900067 0.11050061 -0.2246241 -0.3385049 -0.25960508 0.14716777 0.014346721 -0.035586465 0.23375392 0.16513346 -0.18995017 0.15341891 -0.32814056 -0.4239033 -0.020399738 -0.15737312 -0.077937 -0.3996994 -0.1566935 -0.39255515 0.10557664 0.41180938 -0.14385939 -0.2960271 -0.76410943 -0.09385564 0.43388507 0.1643263 0.5567643
id -0.357021 0.4369017 -0.49789202 -0.16530037 -0.7615525 -0.5037958 -0.3451637 -0.5873321 0.25131384 -0.14149201 -0.43137586 -0.26098093 -0.07961489 0.14988956 0.5612748 0.53256977 -0.48475897 -0.037660584 0.08537056 0.40657017 -0.11357911 -0.4870933 0.71010536 -0.39765748 -0.49334055 0.019223291 0.16762257 -0.22450878 0.65920705 -0.111703955 -0.6300529 -0.268643 0.068480596 0.035666946 -0.11988537 -0.16005632 -0.22801986 -0.13974983 0.04031124 0.4643738 -0.27161333 0.077938884 0.047687422 0.34511507 0.43038085 -0.16394319 -0.1163699 -0.5537566 0.14301181 0.14428917
de -0.38495257 0.07877526 0.19815345 -0.24153253 -0.09993397 0.18657333 -0.18808044 0.091490254 -0.18624096 -0.7665862 -0.2805761 0.41089422 0.5316087 0.017114388 0.29596493 0.03328337 0.7222365 0.16242352 0.13133462 -0.009680263 0.05085459 -0.74695975 -0.20899647 0.43931314 0.12918985 -0.08880593 -0.10262942 0.20016289 -0.77992356 0.09757938 0.24028896 -0.29167938 0.62785506 0.501419 0.16545106 0.47250143 -0.15253544 -0.13843103 0.44371372 0.82993287 0.47413132 0.26472223 0.14846002 -0.25149003 -0.17115611 -0.048599746 -0.088740535 0.4003373 -0.26642716 -0.66977745
en 0.03624939 -0.116095506 0.022167338 0.81968665 -0.25894615 -0.20489715 -0.117182195 -0.10204592 0.12212566 -0.19537203 0.52275044 0.33715856 0.09903586 -0.25644445 0.3056735 -0.51778793 -0.03766828 -0.5172006 0.079223186 0.1728121 0.09751428 -0.021445239 0.33185428 -0.48715952 0.54385954 -0.40029743 -0.5783563 -0.3203195 -0.27501816 -0.12958995 0.4643195 -0.811556 0.09866585 0.33400795 0.40204236 -0.21405692 0.06596002 0.30596253 0.065589726 0.17305882 -0.18714401 0.30533034 -0.6458205 -0.4330567 0.36279634 0.06804359 0.5099874 -0.06346613 0.11531322 -0.36672723
cs 0.08947707 0.6567735 0.053799376 -0.32897884 -0.090820536 -0.06745819 0.2879772 0.1817789 0.43124333 0.018650614 -0.17024747 -0.09439012 -0.035513885 0.5473345 -0.051629227 -0.16861022 0.122016825 -0.2342663 -0.4538259 -0.0042915633 -0.35761553 0.12474069 0.053653575 -0.22071965 -0.2181912 0.3894111 0.07223242 0.07009544 -0.72379065 0.087486334 0.14565599 -0.07052914 -0.3101688 -0.18822056 0.13683061 0.27007577 -0.036949012 -0.10686319 0.43848798 -0.11601664 -0.31266952 -0.008494873 -0.24048837 -0.40673214 0.040582594 0.32235342 -0.09845973 0.41559157 -0.024991702 -0.3851033
da 0.32287776 -0.19512594 0.19663441 -0.033702236 -0.12163646 0.39175215 -0.044580307 -0.12103271 -0.028083596 -0.10266641 0.4115182 0.37528726 0.6984876 -0.04725518 -0.42917407 -0.2651019 0.30640757 0.16319744 0.26642382 0.36762607 0.38376442 -0.26885962 -0.21566412 0.07509805 -0.16819383 -0.17895474 -0.4605239 0.3632536 -0.36055008 0.58868396 -0.26656985 -0.1362492 -0.72032964 0.46944082 0.17200087 0.22219254 -0.050758056 0.3744218 0.0048360093 0.10146834 0.31642306 0.6422604 -0.5760885 0.18377909 0.2819215 -0.117006645 0.23220292 -0.08152728 -0.43250453 0.09572233
nl 0.04001448 -0.28238094 0.37062868 -0.008954997 -0.5041703 -0.27699313 0.1678168 -0.19870198 0.18099762 -0.679992 -0.29455134 0.4181437 0.90881896 0.04219972 0.2760607 -0.1214244 0.53268844 0.42206624 0.45337144 0.584909 0.20499219 0.11425109 -0.3663351 0.43640542 0.5138718 -0.09746215 -0.24600072 -0.1798899 -0.2178019 -0.26179606 -0.16859406 0.6488024 0.03391997 -0.3666796 0.28187004 -0.03700093 0.08191694 -0.21677591 0.3858367 0.09208274 -0.0013494982 0.08371503 0.08520254 -0.15413281 0.23447663 0.25480336 0.2577963 -0.14577805 -0.23150657 -0.4460262
hu -0.41116816 0.08662702 -0.26442182 -0.34332424 0.07955103 0.1827629 -0.115064055 -0.25400195 0.1868409 -0.115025535 -0.31850716 0.32668492 0.3180457 0.03320329 -0.284546 -0.12748906 0.45894334 -0.38181174 0.25622016 -0.07343712 -0.13650376 0.49566108 -0.14587407 -0.36802533 0.07624245 -0.29469785 -0.70235765 0.049499143 -0.06953954 -0.106579 0.3584395 -0.08273102 0.50919336 -0.610243 0.27802435 -0.013067945 -1.0970367 0.35029477 -0.46939036 -0.40191537 0.030213581 0.5857701 0.8733107 -0.25195098 0.4375822 0.07536472 0.039913658 -0.16828823 -0.4382367 0.22329734
sv 0.47064036 0.048014008 -0.07652354 0.087589785 -0.5378018 0.15863411 0.53672796 0.10805725 0.28526762 -0.24650054 0.20630366 -0.089417934 0.32044175 -0.56987804 -0.29300034 -0.9709376 -0.049530584 0.40285364 0.080930404 -0.15051323 0.49212995 -0.2642342 -0.004492172 0.5435364 0.123471245 -0.13151076 -0.18002287 0.272706 -0.37895912 0.20697126 -0.04398898 -0.2908262 -0.37568894 -0.022328503 0.8617121 0.1271614 -0.14643508 0.2487739 0.09603514 0.115017466 -0.20018443 0.4392779 0.24426976 0.47616044 -0.2765192 -0.318991 0.54324365 -0.06763649 0.15946335 -0.22814475
bg 0.42024422 0.20827803 -0.12090586 0.21994421 0.31821802 0.042561375 0.7855713 -0.49510208 -0.032557685 -0.15421405 0.097348854 0.59889066 -0.12859693 0.009464877 -0.5594953 0.90140784 -0.30634695 -0.23772345 0.67058045 0.42292416 -0.033437073 -0.11343317 0.5450679 -0.29159606 0.9568446 -0.07699111 -0.14236154 -0.0831851 -0.5473067 0.32385653 -0.025196292 -0.012776393 0.35476503 -0.34829777 -0.108490124 0.39755473 -0.7511201 0.16454035 0.32211557 0.12991056 -0.5385081 0.009378782 -0.038253166 0.06284869 -0.45563874 0.26889905 0.18157817 0.09578683 -0.034627367 -0.11314586
no 0.47060633 0.6167276 0.2971135 0.3531882 -0.0055727046 0.22135904 -0.14611967 0.58330226 0.5429436 0.05217435 0.40809542 0.13072056 0.56781894 -0.5367038 -0.13776536 0.0064906576 -0.19685832 0.14174923 0.21216585 0.6476548 0.5884083 -0.37991682 -0.33073562 0.26033485 -0.045786615 0.019336324 -0.56382626 0.22541305 0.49518964 0.6908154 -0.027591856 -0.13650072 -0.3059962 0.3029042 0.48357034 -0.102560416 -0.06554648 -0.15276827 0.16037212 0.10332074 0.3057396 0.19993263 0.09462156 0.11491912 -0.110398605 -0.03179719 0.3475408 0.12768333 -0.016491843 -0.5339224
ar 0.40202895 -0.06294739 -0.5698558 -0.039647203 -0.042209398 -0.4087704 0.009543872 0.18258497 0.2298972 0.060318433 -0.4790424 -0.24374607 0.09763687 -0.09921673 0.747788 0.009533594 -0.22754006 -0.22341529 -0.2559644 -0.3075808 -0.1239299 -0.34297037 0.20140427 0.39841238 -0.6077802 -0.08647242 -0.029502885 -0.45197925 -0.16692263 -0.025035758 -0.39583772 -0.18698686 -0.16898477 0.31704354 -0.5428207 -0.50489527 -0.24124025 0.29373422 -0.20633882 -0.13124478 -0.28042117 -0.5805162 0.08187342 0.51636696 0.30166718 0.26922894 -0.5138352 0.3438036 0.36425015 0.23996943
et -0.43882763 0.514392 -0.13164327 -0.6940314 0.11827223 0.47230527 -0.08220948 0.10963033 0.3408606 -0.49114567 -0.03703795 0.46228278 0.41281646 -0.3097312 -0.50201327 -0.13400626 0.17554808 -0.6864599 -0.037574485 0.08342257 0.2849012 -0.18766542 -0.3917208 0.2781497 -0.3749448 -0.5314774 0.37116504 0.39324751 -0.560001 0.059808586 0.124880396 0.065933056 0.33307055 -0.5785603 -0.22993189 0.4829711 0.29161552 0.13247082 -0.117383674 -0.17114925 -0.0141467955 0.18063723 -0.07659138 -0.5502328 0.10185227 -0.048242074 0.12687968 0.2017907 0.8947747 0.15766272
ru 0.108980894 -0.07823738 0.049293242 0.06620168 0.0039255237 -0.32223323 0.26642722 0.26070023 -0.30867442 0.026820317 0.018180855 -0.36777082 -0.5504232 0.026507543 -0.6875902 -0.087311365 0.1889153 -0.3442615 0.032626074 0.25770834 -0.12065967 -0.3744125 0.01700082 -1.305812e-06 -0.24339613 0.5506687 0.15325497 -0.5072463 0.12298055 -0.1672047 -0.2565395 -0.08121029 -0.06029268 -0.20852108 0.18951446 0.11327797 -0.574928 0.17802252 0.13405672 -0.22044933 -0.39001858 -0.12323177 0.01569884 -0.49726298 0.42546833 -0.39819753 -0.11627746 0.34331167 -0.07492578 -0.2787317
uk 0.03191836 -0.25223243 0.20260857 0.42750502 0.060052387 0.016549902 0.9791454 -0.26823843 -0.1992874 -0.14535648 -0.28940514 0.04118879 -0.2734862 0.48894778 -0.5813554 -0.19777918 0.041580442 -0.5875053 -0.38102278 0.31847212 -0.32152483 -0.04669254 -0.061449282 0.07118024 -0.1814163 -0.0015009482 0.39847258 -0.1892673 0.21927583 0.12752269 -0.030040724 -0.18183453 -0.06269101 -0.109318785 -0.26087824 0.01785059 -0.42070457 0.08004497 0.18076158 -0.0028092843 0.0016604962 -0.004967177 -0.023694249 -0.11279494 0.13276586 -0.45099372 0.14134051 0.10277155 0.013133643 -0.5900249
sk 0.5703882 0.47327378 0.25823036 -0.17988664 0.14915363 0.045651324 -0.022674996 0.004011907 0.22460477 -0.057793 0.093116246 0.11921695 -0.32300282 0.2809608 0.0840456 -0.24566399 -0.0015156592 0.19514589 -0.56704366 -0.3293726 -0.09556197 0.19908011 0.13562198 -0.3950955 -0.057812575 0.12424905 0.45557153 -0.51241535 -0.35614267 0.35163474 0.1830814 0.044747606 -0.21856359 -0.47294742 0.00054222264 0.51472145 -0.3954311 0.33352265 0.48474398 -0.12142064 0.32761326 0.25410375 -0.120165534 -0.5398368 0.059734937 0.34328952 0.17242526 0.12324289 0.16314997 -0.28429416
pl -0.1264947 0.29180184 -0.4004241 0.0072715 0.2506889 0.003695868 0.36465654 0.11309035 -0.6639523 0.48172677 -0.16863483 -0.35989624 0.13695583 0.32190582 0.17111012 -0.052516792 0.06698532 -0.32906055 -0.64641166 -0.3297354 0.25417694 -0.33043614 -0.3436984 0.09208981 0.09204843 -0.3259696 -0.22353573 -0.011700777 0.47568932 -0.07384787 0.207766 -0.19868118 -0.5695579 -0.6157199 -0.44472167 0.27920306 0.30059493 -0.11094687 0.53528696 0.34234408 -0.3403666 0.052937858 0.09228939 -0.23334998 0.18902043 0.08085865 -0.62134343 -0.18595436 -0.29734313 -0.1900097
tr -0.7402311 0.08125363 0.25211617 -0.022334972 -0.11476475 -0.29919773 0.1893052 0.34170634 -0.284811 -0.5220341 0.17145541 -0.3539685 0.0005534527 0.078120776 0.27453196 -0.07225899 0.14656214 -0.17314489 0.62067443 -0.18053523 0.07860588 0.24588536 0.0337983 -0.19364078 -0.03726242 -0.5931718 -0.0132867545 0.55875075 -0.18405858 0.31307468 -0.20897183 0.1172998 0.42292246 0.047853418 -0.14194608 -0.5819461 -0.4358825 0.41791546 -0.6235432 -0.24809623 -0.102871 -0.3536423 0.521321 -0.34734207 -0.66591716 -0.028206466 -0.3751324 -0.18051018 -0.4546106 0.043688178
fi 0.4360844 -0.054854624 -0.787195 0.0026051004 -0.6342273 0.11301638 -0.27672294 0.21643807 -0.08502849 0.014458232 -0.12604633 0.05098279 -0.09982851 0.18729636 -0.39648676 -0.30715337 -0.16556153 -0.62641567 0.41289747 0.6945653 0.4554622 -0.050167467 -0.105091974 -0.07681295 -0.5432559 0.20991975 0.31945494 0.27999535 -0.1739481 0.23159572 0.3902252 -0.13532802 -0.0017791244 -0.8666399 0.52405244 0.3802149 0.11515223 -0.11238293 -0.21512316 -0.047753718 -0.40457293 0.23600031 -0.045983482 -0.33712098 0.00029367805 0.25006506 0.07798601 0.17142296 0.30823752 -0.1328168
el 0.32068354 -0.16023292 0.45748684 0.69007474 0.08300895 -0.17333442 0.472225 -0.1056589 0.00671068 0.41321725 0.097292796 -0.39731112 0.51346904 0.03614341 -0.09133228 0.14566384 -0.23728538 0.0974688 0.08741932 0.3120658 -0.09855005 0.17372301 0.12749258 0.42352796 0.12757802 -0.37816793 -0.33695138 0.021775024 -0.027266076 -0.41034538 -0.6001847 0.22086182 0.788245 -0.22723863 0.18591845 0.052414127 -0.663786 0.35465026 0.17642468 0.36878562 0.5562344 0.2845598 -0.62064767 -0.45390773 -0.56277364 0.2011197 -0.3033343 -0.019118363 0.44871125 0.36323228
