<unk> 0.090759225 0.044508614 -0.06621496 -0.062533975 0.033133052 -0.01694943 0.09544698 0.04747065 0.07671035 0.07357723 -0.0003304854 0.039312847 -0.0899922 -0.027040064 0.095931955 -0.03249637 0.05695922 -0.031205893 -0.08169351 -0.077184 0.08971775 -0.06660059 0.039537556 -0.04570769 0.022108056 0.05937145 0.060338624 -0.05288137 0.030051477 -0.03526988 -0.09200549 0.037613638 0.08170896 0.012189284 0.05454833 0.03741797 -0.029782966 0.09877881 -0.07561805 0.08455687 0.015883446 -0.085487716 -0.006168291 -0.08815642 0.05383659 -0.0538836 0.03591872 -0.009575389 0.091656156 0.030518062
<blank> 0.048078068 -0.09090505 0.016739033 0.0012334213 0.027774177 -0.09666171 -0.067032255 0.023434892 -0.018834807 0.063196845 -0.09856061 -0.049421348 0.09754444 -0.018784508 -0.057841577 -0.005746186 -0.052844357 0.09184887 -0.072885334 0.08441254 -0.0134240985 -0.09754079 0.015443027 -0.08076173 0.008334398 0.014222585 -0.061959922 -0.042591106 0.0077880397 -0.0862714 -0.001690194 -0.07173127 -0.0027789325 0.006168112 0.036254533 0.055433817 -0.09537604 0.059317596 0.042860813 0.017732821 0.06491511 -0.026021615 0.066498555 -0.0820897 0.008294627 -0.045811485 0.092006855 0.080064185 0.009325579 0.0645987
<s> 0.001810301 0.3037409 0.0070894454 -0.022301078 0.029434167 0.0052742395 -0.07177198 0.055890366 -0.04324302 0.05743183 -0.04362369 -0.00031769293 -0.030581698 0.030909631 -0.018077288 -0.15169217 -0.12069979 -0.14280036 0.101905875 0.03401403 -0.016207123 -0.023037568 0.25171325 -0.01945832 -0.13005145 -0.086042844 -0.017853705 0.03366891 -0.078422025 -0.07945228 0.16002452 0.028605612 -0.08080292 -0.13063656 -0.009221195 -0.03926204 0.010272579 -0.0050285296 0.10950117 -0.07705036 0.0060822726 -0.07652237 0.14213324 -0.008209418 0.23594391 -0.012284205 -0.02692904 0.0067286626 -0.057584975 -0.012702449
</s> -0.03463441 0.06567449 -0.09172908 -0.07489862 0.05679197 0.054392077 0.06369642 0.032643892 0.026403017 0.06379894 0.04899659 0.037244864 0.09164698 0.002761364 0.055671744 0.013377227 0.043925382 -0.024290718 0.056071497 -0.012135372 -0.04824959 -0.05834316 0.08067746 -0.04522879 -0.07979454 -0.027302586 0.08183176 0.058004178 0.0632162 -0.012651086 -0.060749568 -0.023079827 0.018681921 0.013301924 -0.054347087 -0.0445686 -0.015625335 -0.023118809 0.040496476 0.023681022 0.049133487 -0.029153988 -0.017256953 -0.05881078 0.076007076 0.017656088 0.07112963 -0.018862508 0.019598044 0.070380755
en -0.4294929 -0.497485 0.07010589 0.22360739 -0.6492782 -0.05775661 -0.51220715 0.44365457 0.02179527 0.18590328 -0.4551042 -0.04760558 0.17277622 -0.30453625 -0.096508846 -0.797206 -0.1253864 -0.0017989819 0.12988067 0.085601695 0.4121652 -0.018107751 -0.04665249 -0.17044136 0.31564727 0.048704382 0.10148075 0.124562375 0.01917677 -0.08309776 0.046482906 -0.15670095 -0.80842143 0.0100733405 0.3972274 0.36717573 0.29731575 -0.2564619 0.44855186 0.46593624 -0.2236742 0.49042052 0.10532072 0.2398379 0.18300375 -0.059505146 0.11045086 -0.1989839 0.3201198 0.0377627
vi -0.39086273 -0.5054572 0.22068019 -0.11825272 -0.18347444 -0.5828581 -0.22609192 -0.05645747 -0.21622707 0.1754957 -0.16560414 0.17761584 0.047237046 -0.15483978 -0.0028712226 -0.7124398 0.15574679 -0.107209325 0.45738614 -0.2211443 0.14972201 -0.36277053 -0.010422202 -0.27408704 0.14242552 -0.035717882 0.111980915 0.015210248 -0.20838383 -0.13677987 0.31862566 -0.009221847 -0.6750777 0.093041606 0.42565358 0.32020557 0.3539257 0.017161278 0.6578875 0.065422416 -0.051180407 0.33941466 -0.02635166 0.17105293 0.28870857 -0.14368846 0.065484606 -0.28712168 0.106246494 -0.17903961
ca -0.660329 -0.35482842 0.116924725 0.4502119 -0.20317082 -0.34485477 -0.26122674 0.4593179 -0.2204026 0.43268946 -0.29476666 0.10953366 0.21797001 -0.06957342 -0.12882566 -0.5440086 0.2452926 -0.13766278 -0.23249714 -0.090129994 0.10006596 0.0949806 -0.08114633 -0.23924927 -0.024076115 -0.18807375 0.068016976 -0.1712216 -0.082426876 0.19329017 0.42188823 -0.29582417 -0.61564666 -0.26387239 0.30489957 0.15721469 0.3342768 -0.4234248 0.47884467 0.194647 -0.4536984 0.29191983 -0.028839797 0.5037114 0.061449274 -0.3529252 0.04124974 -0.30233136 0.286304 -0.21492426
sl -0.08325098 -0.24381568 0.55082583 0.3044859 -0.57867223 -0.3536186 -0.2947308 0.5142067 0.12127784 0.28381765 -0.2665122 -0.09528096 0.43452165 -0.185042 -0.41636702 -0.5687951 -0.0023875758 0.08565488 0.1276596 0.12722535 -0.013410292 -0.25319132 -0.08216372 -0.44504225 0.20128039 0.04695679 -0.090645656 -0.035989597 -0.120129086 -0.38460633 0.49380612 -0.19323073 -0.43839958 -0.022267345 0.166628 0.331032 0.22753403 0.0146872895 0.28159234 0.36396793 -0.528467 0.17185487 0.09854566 0.18617342 0.31655902 0.037120413 -0.021722553 -0.26941308 0.13480262 -0.008312171
he -0.20386234 0.11619914 0.7012898 0.23605295 -0.41271302 -0.44780016 -0.2979165 0.061241582 -0.15679291 0.2796069 -0.2832081 -0.1697154 0.5396893 -0.41184205 -0.024664951 -0.77141654 -0.018591195 0.18702886 0.079798944 -0.018808385 -0.057467412 0.1239212 -0.2564185 -0.35268185 0.16269755 -0.091231845 0.08873313 -0.012133434 -0.061855726 -0.0804916 0.008615466 -0.32284042 -0.61908925 -0.1581933 0.56274194 -0.18300678 0.48655203 -0.037537355 0.65120894 0.54501307 0.20410238 0.62343544 -0.04608402 -0.17899822 0.1212368 -0.07057398 0.534137 -0.46847603 0.4295071 -0.19888473
es -0.5260842 -0.5372075 0.014579474 0.43643022 -0.26948544 -0.4281278 -0.16476217 0.48284864 -0.12785159 0.4169631 -0.36758175 -0.040893283 0.06652919 -0.17491522 -0.40732488 -0.41746992 0.0040891594 -0.08460788 -0.08387707 -0.22401436 -0.019528672 0.20627363 0.014385025 -0.21775804 -0.049305756 -0.22067788 -0.007034001 0.024612108 0.09321845 0.23304193 0.25220406 -0.36150447 -0.8635408 -0.24841435 0.22622351 0.14831318 0.24931931 -0.48169306 0.48370683 0.36093426 -0.35941115 0.31420606 -0.100917175 0.33079633 0.11694692 -0.100338705 0.10403671 -0.40505654 0.2730589 -0.08941901
pt -0.6414594 -0.43861508 -0.010048931 0.64510524 -0.070032336 -0.24807853 -0.2673631 0.31963316 -0.14326298 0.18176568 -0.5707632 -0.17789616 0.17597508 -0.5646153 -0.1778915 -0.72646964 0.076009475 -0.014854706 0.066979915 -0.016946042 0.019556921 0.37434143 -0.14401829 -0.18595602 -0.11263277 -0.105820626 0.19789751 0.053439442 -0.25674582 0.18341932 0.40346003 -0.10452764 -0.7299638 0.055982444 0.46823037 0.057900004 0.5073069 -0.04144209 0.34287483 0.3082523 -0.3344396 0.49310684 -0.026105158 0.07105786 -0.14273936 0.004757616 0.05987994 -0.40230858 0.33869362 -0.12125479
fr -0.5144737 -0.35787252 0.44274685 0.47910416 0.021981549 -0.11802781 -0.2995305 0.2552402 -0.018094795 0.4453622 -0.5219727 0.047829602 0.35355836 -0.36022383 -0.080910906 -0.7345748 0.08798374 -0.037838664 0.08614805 0.07364663 0.087232105 0.09462822 0.14133345 -0.345431 -0.3023069 0.015819483 0.03904694 -0.19204344 0.050723072 0.2295233 0.29433003 -0.040929127 -0.46524572 -0.091589876 0.4017591 0.064690985 0.29226512 -0.22547977 0.74636 0.423632 -0.15227097 0.3641278 -0.24420108 0.28268397 0.069346786 -0.030890105 0.060364906 -0.53106064 0.40844446 0.04950649
ro -0.3676753 -0.42540103 0.47742712 0.31699967 -0.42367065 -0.46821576 0.19170094 0.5228479 -0.19352464 0.28908074 -0.50196266 0.11379574 0.55679506 -0.46756488 -0.390789 -0.16230643 0.07589211 0.04270827 0.49778903 -0.3338968 0.08232067 -0.094334945 -0.03116596 -0.40001282 -0.09324488 -0.15937044 0.16523658 0.039982084 -0.1144208 0.11308146 0.2464799 -0.24375892 -0.47784284 -0.07750942 -0.12378177 -0.09054706 0.1449668 -0.20307218 0.63769126 0.49991557 -0.38418886 0.60070604 0.0018012846 0.10251976 0.009576566 -0.021172646 -0.052838344 -0.18155646 0.39591485 -0.15057966
id -0.49762312 -0.4411228 0.26317638 -0.0011493273 -0.19991687 -0.5168462 0.036289077 0.12296794 -0.12753491 0.1626951 -0.398069 0.02729004 0.22832829 -0.39202684 -0.1579793 -0.4700621 0.013840794 0.10591918 0.3654646 -0.25426355 0.034257103 -0.014837479 -0.12748608 -0.2953195 0.0262073 -0.24423453 0.09778303 0.1041656 -0.080730304 -0.070471704 0.06999917 -0.11581595 -0.6740203 -0.11373027 0.2423841 0.30772322 0.45948237 -0.10393281 0.5351148 0.3417885 -0.2727998 0.47087964 0.024238627 0.09064742 0.20779513 -0.20607279 -0.02934974 -0.33490434 0.22734289 -0.1470712
de -0.16941877 -0.29510897 0.077162705 0.3892398 -0.23170018 0.20399931 -0.27532867 0.35399553 0.13915157 0.026412586 -0.10972517 -0.052489407 0.6460767 -0.18863031 -0.108809836 -0.72271025 0.027374197 -0.27979705 0.09701451 -0.025330953 0.2068826 -0.053152625 -0.26171064 -0.053065863 0.118377686 -0.29085362 0.03691478 -0.09451676 -0.06743446 -0.23501109 0.5422796 0.053697374 -0.5412263 0.1843233 0.09269248 0.11385657 0.026471905 0.031516347 0.2968757 0.43083426 -0.55337024 0.37319252 -0.04087849 0.20762567 0.37818453 0.12162403 0.15789822 -0.38638884 0.54135364 0.1601257
ar -0.54445446 0.024069708 0.6469273 0.17214593 -0.31512576 -0.5396449 -0.13762629 -0.029538177 -0.017262844 0.118949495 0.12365572 0.03593168 0.48542845 0.011078602 -0.013814025 -0.7641749 0.025353638 0.08989938 0.18785837 -0.21271244 -0.04917625 0.12532766 -0.37153816 -0.37492338 0.12271957 -0.01647748 0.08535317 0.07969887 0.018345058 -0.19923848 0.0071561188 -0.10372264 -0.51851153 0.15666656 0.5647646 -0.07259455 0.18709251 -0.17877114 0.54042965 0.44522175 -0.12534636 0.6568341 -0.002211264 0.051868092 0.18214118 -0.17974226 0.37613952 -0.49860144 0.25329867 0.08995756
da -0.4917626 -0.41796586 0.01853328 0.18518224 -0.7038269 -0.21743202 -0.64183724 0.19813934 -0.16754235 0.49934173 -0.09408415 -0.1953276 0.46277726 -0.20919375 -0.46085626 -0.6800018 -0.004041903 -0.3574724 0.17868346 -0.043340467 0.19612007 -0.19419847 -0.05858855 -0.24964426 0.06883637 0.06922347 0.048303444 -0.058964737 -0.03415088 -0.16768195 0.3905012 -0.16957596 -0.36495867 -0.21512517 0.22769584 0.21881853 0.23481613 0.01021902 0.429467 0.32505926 -0.51194245 0.22246413 0.047498677 -0.0016845585 0.28198546 0.04310623 0.12843208 -0.26826084 0.28484687 -0.0011487675
hu -0.1116325 -0.4920108 0.24238019 0.07163947 -0.40731937 -0.17324781 -0.57258147 0.21155755 -0.04933579 0.18164946 -0.21183388 -0.09788812 0.619065 -0.36975574 -0.037823897 -0.64165646 0.1015455 -0.32334653 0.14041887 -0.27404404 0.16184773 -0.38924608 -0.22397324 0.029674381 0.16467175 -0.02349754 0.0084670335 0.14919344 -0.4389979 -0.17807496 0.23269731 -0.123705946 -0.3255417 0.22671099 0.0739885 0.40192676 0.29302084 -0.07780629 0.14952484 0.21377993 -0.5042882 0.6071193 -0.010025762 0.24884221 0.5192589 0.091762826 0.36561707 -0.37041882 0.4076589 -0.09174633
nl -0.050811626 -0.44878665 0.18166086 0.40147036 -0.11321171 -0.13619184 -0.28271663 0.28693962 0.17387195 0.039710406 -0.37801057 -0.072762646 0.22493327 -0.5245283 -0.2135846 -0.8342207 0.12126582 -0.20896696 -0.004028541 -0.2658101 0.10268891 -0.29341942 -0.05128657 -0.16483991 0.3225418 -0.25769177 -0.039042212 -0.02771327 -0.20056166 -0.04617473 0.43993214 -0.034124285 -0.63945293 -0.17917436 0.20339358 0.1854951 0.090882845 -0.15053087 0.6320184 0.25580505 -0.40145856 0.21051814 0.16335438 0.039878584 0.29487783 0.021475557 0.18059036 -0.40697804 0.6335771 0.115407445
sv -0.39629108 -0.5717626 -0.013328597 0.31552154 -0.52517915 -0.22458807 -0.51299524 0.17204238 -0.0008188844 0.46752426 -0.098741 -0.11333492 0.34630316 -0.22412078 -0.48643255 -0.62688714 -0.043814667 -0.33429757 0.2287282 -0.17374456 0.151686 -0.24838293 -0.17774634 -0.3784184 0.18239617 -0.027348895 -0.16471821 -0.05668395 -0.13830909 -0.14968854 0.52734977 -0.02610381 -0.58079296 -0.05953401 0.19636483 0.1518726 0.27228904 0.0042136107 0.5633585 0.29863727 -0.36697125 -0.013236279 0.2684431 -0.049010355 0.23520193 0.048043977 0.02153376 -0.18935758 0.28922722 -0.0035308858
bg -0.41454065 -0.52459824 0.06346473 0.24964531 -0.5047055 -0.028845184 -0.38727206 0.27254134 -0.04608402 0.3559675 -0.2977842 -0.16973837 0.49383616 -0.18296473 -0.47089934 -0.71924746 -0.06718006 -0.062097345 0.19172405 -0.010837514 0.031992305 -0.051227115 -0.24474071 -0.23997012 0.19095686 0.021881012 0.038945008 0.0011858777 0.08805866 -0.2035892 0.35234448 -0.27482942 -0.33786815 0.049450967 0.1467745 0.14312023 0.26305258 -0.05847682 0.41149038 0.40106267 -0.3254796 0.21774459 -0.0030448579 0.2677689 0.42717236 0.10130588 -0.0389325 -0.15014277 0.18656991 0.019512815
no -0.43532076 -0.55130696 0.024572643 0.40035698 -0.60240376 -0.17491928 -0.5478252 0.21630256 0.07122381 0.37007153 -0.1654877 -0.1989781 0.38322827 -0.19178376 -0.4828745 -0.51861626 -0.0457084 -0.2266336 0.25991464 -0.32887176 0.08154076 -0.15606941 -0.3019464 -0.12653923 0.2914272 0.1346958 0.0021048028 0.0022073276 -0.090619065 -0.07229482 0.5036611 -0.05624074 -0.63602936 -0.107372634 0.25837877 0.17142086 0.46416673 0.18664691 0.3508742 0.41003686 -0.2882294 0.24392892 0.15778397 0.06985519 0.23710375 0.08501402 -0.02439805 -0.18859096 0.19505258 0.11419818
et -0.14673477 -0.5907912 0.38526586 0.15619764 -0.3890548 -0.17967851 -0.33667308 0.2774616 -0.040103573 0.29772153 -0.26162472 -0.058916025 0.56319803 -0.006745365 -0.12711878 -0.5543294 -0.015113175 -0.187542 0.007479039 0.0032597387 0.23544541 -0.3814753 -0.006885711 -0.31801575 0.25595286 0.04615618 -0.0074913604 0.045229077 -0.13925534 -0.25944802 0.5146068 -0.25770178 -0.38769847 0.15910864 0.13362099 0.42679828 0.3381838 0.09374028 0.14728999 0.082871325 -0.3757309 0.41497532 0.06705623 0.388625 0.39028013 0.033649176 0.24307656 -0.29896474 0.1966727 0.05005448
ru -0.24251685 -0.18091926 0.41242453 0.20619415 -0.32881832 -0.26119423 -0.39787826 0.36305794 -0.036565147 0.27600467 -0.15482724 0.0550543 0.6100172 -0.17323053 -0.30804244 -0.6307635 -0.08402569 -0.058673125 0.18522714 0.03449584 -0.014453239 -0.10769177 -0.23953217 -0.44754747 0.17179318 0.02003847 0.004385425 -0.04983045 -0.07143979 -0.2185256 0.35109836 -0.22359511 -0.45721224 0.07460727 0.17255563 0.17066799 0.336425 -0.08896939 0.30523768 0.34278733 -0.47170925 0.2593546 0.084055044 0.36595628 0.2465617 -0.0550845 0.13578023 -0.3013749 0.23481938 -0.07503233
tr 0.119733565 -0.45196295 0.19279009 0.46197417 -0.21528243 -0.6053911 -0.630917 0.12814514 -0.06676894 -0.120479636 0.017900122 -0.026525237 0.40519065 -0.04058379 -0.20768489 -0.64697754 0.14867212 -0.14998588 0.40901142 -0.31853598 0.14649124 -0.2426514 -0.03391264 -0.24023525 0.013683019 -0.21733958 -0.059372876 0.07883672 -0.13872206 -0.2646705 0.47275117 0.057020802 -0.65218526 -0.027345918 0.48197845 0.24572456 0.30031288 0.1656962 0.24010733 0.35481575 -0.14724539 0.5099544 -0.053675607 0.050086133 0.5830305 0.023986714 0.13161543 -0.31822845 0.2018759 -0.043392364
uk -0.2961315 -0.3716774 0.3575011 0.1401162 -0.36332768 -0.06469779 -0.47305292 0.431929 -0.07909713 0.43940344 -0.4061105 0.15450335 0.5321857 -0.19247167 -0.34415945 -0.5652021 -0.06223226 0.13470522 0.16183953 0.011994869 -0.023885285 -0.22497998 -0.29356462 -0.50005054 0.02600173 -0.07080723 0.051183358 -0.07654818 -0.036212914 -0.10957579 0.20849907 -0.19945848 -0.4549372 -0.07503507 0.22227341 0.24867193 0.3802844 -0.07890489 0.30669764 0.2871868 -0.28052458 0.2933592 -0.09428971 0.2618536 0.4063413 0.05282221 0.21779898 -0.1771226 0.13006786 -0.034271594
sk -0.43455353 -0.36115766 0.5471019 0.21220492 -0.17758474 -0.29684392 -0.37204507 0.53912526 0.0174946 0.42166573 -0.23644522 0.065093905 0.44543704 -0.25133675 -0.4924151 -0.5693789 0.014610654 -0.00015603313 0.037557703 0.048802186 0.1360645 -0.19861957 -0.14628117 -0.46055266 0.25800553 -0.10326837 0.07547632 0.08692002 -0.13953508 -0.3551049 0.41064313 -0.111518756 -0.33682847 -0.13715734 0.11846143 0.053505693 0.25196144 0.16630384 0.3961483 0.382186 -0.35802606 0.27896053 -0.067241184 0.12685803 0.30252883 -0.07520573 0.16716868 -0.02612474 0.017913565 0.027346337
pl -0.1319604 -0.34317085 0.47325176 0.27829027 -0.31494772 -0.28991982 -0.16404934 0.28302184 0.010808813 0.3456127 -0.34846556 0.077489644 0.67778903 -0.18116656 -0.29578477 -0.5631684 0.043302085 0.081795156 0.2129662 -0.024689702 0.12151384 -0.08325393 -0.15773469 -0.550879 0.07278955 0.00053239614 -0.010866695 0.06608581 -0.20224395 -0.123374455 0.3423258 -0.14593408 -0.29672074 -0.0789894 0.2043371 0.06943599 0.31151003 0.022351027 0.4788893 0.30641386 -0.39210376 0.25912905 0.009955985 0.13096349 0.24972622 0.009180705 -0.05600965 -0.30814284 0.2084279 -0.038023673
fi -0.13019076 -0.5544158 0.49189955 0.15285873 -0.567752 -0.22143948 -0.22393526 0.37551597 0.1227316 0.354559 -0.46443948 0.022834348 0.6369064 0.00094974047 -0.29011875 -0.52748984 -0.032446135 -0.036655504 0.05832407 0.010874901 0.07895697 -0.2478721 -0.06778132 -0.27318874 0.28915957 -0.06387737 -0.025238646 0.058213253 -0.25452325 -0.27909958 0.38368902 -0.38953066 -0.44940978 0.13771448 0.20602272 0.31724486 0.38374203 0.0019029723 0.23487042 0.31541976 -0.4574117 0.27376777 0.018326657 0.27759698 0.44560796 -0.01034621 0.14155711 -0.28861466 0.07029073 -0.07573993
el -0.4402987 -0.42683184 0.2672583 0.17817062 -0.55762434 -0.074667275 -0.6515367 0.15291119 -0.10368924 -0.012661141 -0.18201114 0.11054365 0.24686305 -0.41991705 -0.38587686 -0.5196629 -0.07401205 -0.12416562 0.08851046 -0.11246913 0.21050733 -0.028090555 -0.1668204 -0.25356635 0.0731627 0.0044256086 0.360396 0.21035437 -0.16739908 0.25565818 0.58448696 -0.32933354 -0.7484803 -0.010792145 0.376129 0.1332959 0.08946724 0.14840886 0.3633757 0.5684445 -0.31157637 0.21288441 0.09062426 0.18123896 0.32907307 -0.03787492 0.0338053 -0.18875177 0.051334508 0.048710126
hr -0.20138395 -0.449638 0.3268893 0.29118472 -0.43284577 -0.25767985 -0.3420007 0.4802461 -0.080448166 0.5932918 -0.32897738 0.26334578 0.33732507 -0.27070114 -0.40088552 -0.5254732 -0.14240156 -0.028548917 0.24023394 0.25116763 0.19201078 -0.1994603 -0.33043277 -0.49086598 0.17205204 -0.10570986 -0.032929834 -0.034791205 -0.23834564 -0.37568235 0.2890652 -0.16845633 -0.3596317 0.083400846 0.22848436 0.18339717 0.12027502 0.20505755 0.563491 0.3791904 -0.13701306 0.5163544 0.22869734 0.20313561 0.37015036 -0.018231515 -0.18610427 -0.020685796 0.33115044 0.29159617
it -0.5905911 -0.2328513 -0.009651164 0.63782746 -0.52367973 -0.559962 -0.52179754 0.15580708 -0.12038728 0.6436002 -0.26755682 -0.3894598 0.32456696 -0.13975811 -0.23593624 -0.5176662 -0.10397035 0.050100707 0.01718717 -0.11622734 -0.3044565 0.24166632 -0.0774651 -0.06476963 -0.033875074 -0.5415213 0.33643144 -0.022499083 0.0091784485 0.026704695 0.5104251 -0.10931713 -0.4875286 0.075413235 0.41741773 -0.14159618 0.204688 -0.17961018 0.36902112 0.72567254 -0.026519988 0.34442055 0.2746702 0.50042063 0.14132808 -0.13285515 -0.004191984 -0.34923303 0.15944518 0.011409125
cs -0.25203985 0.109546416 0.5448344 0.14832813 -0.23002967 -0.6473361 -0.5420562 0.6542517 0.0008065513 0.62196803 -0.2723503 0.2195099 0.27044454 -0.18027698 -0.5796962 -0.58248514 0.12328534 0.27126434 0.06620287 0.11006523 0.081031345 -0.10525198 -0.31834403 -0.41399062 0.0065018223 -0.02192671 0.19183308 0.07906905 -0.107306644 -0.4082942 0.4016852 -0.10724835 -0.43414095 0.032935232 0.22580789 0.06761053 0.35800657 0.1329549 0.48795545 0.5357262 -0.3135599 0.19280715 0.12497601 0.20999797 0.5056022 0.027068537 0.16595832 0.09648449 0.35581174 0.15135272
