it 0.13652384 0.062666 -0.10675264 -0.038095042 0.10753812 -0.0554759 0.25173157 0.42325372 -0.054948196 0.50293577 0.29479006 -0.19389774 -0.1712902 -0.014201318 0.026984917 -0.41680938 -0.12373836 0.40430653 0.688314 -0.17220199 0.26076958 -0.24463986 -0.3478201 -0.37936074 0.15247099 0.178232 -0.11708698 -0.17716712 0.13673379 -0.08833422 0.19393462 0.26883802 0.43766806 -0.39163134 -0.23059732 -0.47314337 -0.75729907 -0.44999605 0.53071934 0.4486943 -0.2753066 -0.18987659 0.14125228 -0.21034795 0.4978621 0.06034286 0.016648555 -0.49144474 -0.0366502 -0.40157777
ca -0.66295236 -0.33760202 0.31051448 0.21596539 -0.6042717 -0.19151597 0.17759265 0.30687597 -0.34904617 -0.3722242 -0.25054595 -0.1113438 -0.18852147 -0.4958612 0.2344873 -0.42232123 0.3386852 -0.068680264 0.18078654 0.3799732 0.117359884 0.04464858 -0.1842799 -0.5992172 -0.03962178 0.26760843 0.088047005 -0.8423689 -0.12322287 0.009230185 -0.062288616 0.26606044 0.17106973 -0.44350505 -0.20443466 -0.55863816 0.2527617 -0.15959105 0.25821903 0.040909454 0.13958009 -0.37281746 0.3576235 -0.2844999 0.3452984 -0.46528274 0.43875653 -0.1998442 0.1635998 0.11654285
es -0.40363944 -0.11625302 0.13796037 -0.21483843 -0.023842925 -0.14308743 -0.45353654 0.35116205 -0.093581356 0.2479737 0.5557806 0.21569261 0.16072743 -0.47051385 -0.29051667 -0.24494746 0.24248004 0.064491935 0.37722793 0.11119906 0.4436256 0.007587326 0.19698618 -0.51436925 -0.2600312 -0.25027385 0.055598635 -0.34283432 -0.02218922 -0.299488 0.31016028 0.49092543 0.089967355 -0.009433605 0.2800636 -0.37607336 0.66524017 -0.10813497 0.36879492 0.43082142 -0.009503357 0.4355832 0.02599377 0.17943552 0.2840527 -0.28095925 0.22667924 -0.2240996 -0.08138026 0.070642576
pt -0.5093349 0.6144463 0.36055225 -0.32627714 -0.6827481 0.5079658 -0.28016242 0.10037702 0.2623834 0.024589678 0.24827133 0.45482606 0.4262745 -0.18700959 -0.4983836 -0.2929895 -0.29231 0.10302986 0.14039296 -0.0883896 0.2459071 -0.30145243 -0.7328847 -0.2033965 -0.042429492 0.070486754 0.1888872 -0.10954888 -0.4785926 -0.18576235 -0.06415431 0.07127573 0.0021132731 -0.034525953 -0.5132967 -0.637682 -0.092626736 0.005968796 0.54260206 -0.07810765 0.01839889 0.20800924 0.03911251 -0.08104868 0.13088305 -0.09852122 0.114984296 0.20551614 -0.043269858 0.18972158
fr -0.42654055 -0.24829239 0.4457305 0.26318428 -0.0103129735 -0.10676049 -0.24725425 0.9580483 -0.25165176 0.5882151 0.024056036 -0.11121653 -0.6917945 -0.37169802 -0.25709897 0.08979593 -0.29010266 0.059416793 0.020668875 -0.20072092 0.6605001 -0.3827361 -0.32593608 -0.33121315 0.11675652 -0.4165598 -0.1644447 -0.33934075 -0.33242348 -0.0021417828 0.16572851 0.10217528 -0.5257215 -0.71539193 0.1320444 -0.02716123 -0.071474046 0.107162856 0.5043198 0.14207448 0.5470265 0.20018724 0.046416134 -0.21708126 -0.19765419 0.35086322 -0.11286934 0.09104405 0.15863043 -0.19055414
el 0.2249636 -0.10679195 -0.31858727 -0.06527967 -1.0211971 -0.4221539 0.17496075 0.031465862 -0.2612851 0.29838893 0.7499549 0.17745881 -0.45740068 -0.124789625 0.3821726 0.11067457 0.23374628 0.643476 0.5985714 0.06496211 0.6120824 0.8461757 -0.24732062 -0.036827333 -0.14405945 0.38707387 -0.39701512 0.11176269 -0.41839585 0.36095828 0.007140242 -0.020536061 0.34609267 0.28160954 -0.13307504 0.24817207 0.004700882 0.28270605 0.25724185 -0.31603515 0.35664064 -0.16481884 -0.2889023 0.51605946 0.16613787 0.37649003 0.45524663 0.85103774 -0.22099401 0.13269791
en -0.27454466 -0.6830569 -0.1309505 0.032856457 -0.49991503 -0.037051514 -0.113103084 0.046813905 0.31558427 -0.21588889 0.015393272 0.11961066 -0.46409798 -0.11429748 -0.20939253 0.17058803 -0.56525797 0.5465658 0.25154975 0.25914955 -0.48264098 -0.34439358 -0.27918565 -0.16399449 0.08917323 -0.2833598 0.14321794 -0.17779332 -0.040898494 -0.31859353 -0.07885119 -0.07237602 0.1481778 -0.02409114 0.8015058 0.17426567 -0.009162537 -0.26898608 0.046874806 -0.0140019525 -0.31010273 0.53122586 -0.5402466 0.17608134 0.0012062858 -0.13328165 -0.1938325 -0.105116144 -0.3821597 -0.20865363
vi -0.33274555 -0.32346815 -0.11835347 -0.1755265 -0.33316222 -0.17662193 0.4607347 -0.22013536 0.26247185 -0.15118454 0.25480986 -0.44402596 0.09171725 0.3379981 0.22749266 -0.4920785 -0.18147273 0.7792669 -0.38067943 -0.71998394 0.4848531 -0.06584627 0.14253901 0.66500574 -0.88791424 -0.62164164 0.54559207 -0.007468779 -0.08774667 0.1701573 0.37180778 0.54199034 -0.0022729125 -0.32179663 0.1845967 -0.040575292 -0.24608622 0.52824 -0.18353364 -0.09131742 -0.45437434 -0.64727175 -0.07666394 -0.055084083 -0.0845941 -0.31633374 -0.103574485 -0.08167666 0.4069778 0.34190065
ro -0.13418707 0.19765249 0.013819853 -0.07210978 0.27690297 -0.2816041 -0.05122843 0.24582447 -0.15684383 0.25898898 -0.44699162 -0.50664246 0.35433507 -0.7241107 0.01081583 -0.013126206 -0.18912792 0.62191945 -0.5694414 -0.23034611 0.09914926 -0.1340146 -0.047181632 -0.5277174 0.020991776 0.40791866 -0.3046073 -0.24927148 0.34424618 0.036884416 0.54246664 0.14578716 -0.1647083 0.13361456 -0.05762284 -0.54136854 0.1592285 0.093023136 0.20297718 -0.46576115 -0.5346017 -0.4049651 -0.3892529 -0.034857567 -0.10192847 0.75954384 0.55134565 0.17087191 -0.2580638 -0.11928228
ar -0.442393 0.3148496 0.25554648 0.119973816 0.10001916 -0.082937114 -0.27593318 -0.36716092 -0.2824807 -0.57373554 -0.42201638 -0.090418495 -0.3604094 0.51264006 0.05727704 -0.47552887 -0.32063422 -0.3284837 0.27592626 -0.16677932 0.7400127 -0.21470228 -0.07693468 -0.42974496 -0.045665715 -0.23898442 -0.26129586 0.20797506 0.36437923 -0.41968045 0.04573558 0.49080083 -0.015407897 0.8989511 0.003568365 0.08369461 -0.60979056 0.4976586 0.17114031 -0.25592396 -0.2060752 0.29883116 0.24602267 0.104499534 -0.51341057 0.14413899 0.3771214 -0.20426975 0.3592956 0.2647709
de -0.63932973 -0.03428297 -0.23863357 -0.01994376 0.4318583 0.2595455 0.47022906 0.3044834 0.4182146 -0.015635928 -0.08255101 0.37698802 -0.41558695 0.47130433 0.2096771 0.7392575 -0.20203203 -0.480919 -0.09010779 0.0030841064 -0.21745752 0.03191457 -0.21343389 0.52514935 0.061119422 0.54165035 0.039449237 -0.26940125 -0.37352517 0.20668432 0.682421 0.5887007 0.006117495 0.3525761 0.06954699 0.1865254 0.58575326 -0.029471777 0.21137609 0.32538497 0.3036945 0.08904906 0.05230282 0.2340712 0.18787895 0.29031184 -0.010291881 -0.13748223 -0.038383637 -0.25362432
da -0.14828974 0.09134644 -0.18957658 0.23945908 -0.2916086 0.31644058 -0.07521422 0.14463244 -0.7293554 0.14498879 -0.077434644 0.6089627 -0.11542717 0.35050726 -0.36046946 0.054802865 0.38032067 0.51917505 -0.581107 -0.16467226 -0.79408073 0.33823654 -0.14239095 -0.051958095 0.13268128 -0.08791085 -0.06811227 -0.076594226 0.30538356 0.011063023 0.5856037 0.21551901 0.017712833 -0.24544224 0.10648597 0.5146594 -0.08632624 -0.082276724 0.06757995 0.110061586 0.05514808 0.20651554 0.08220467 0.06132688 0.3944939 0.0857301 -0.3555521 -0.3313941 -0.17282291 0.273658
he 0.09773248 0.59678465 0.044411413 -0.5183336 0.11367597 -0.2479951 -0.7410688 -0.22907439 -0.44840422 -0.513227 0.3581872 -0.35180867 -0.26176578 0.12980723 0.39173475 -0.668445 -0.158944 -0.24418218 -0.15568794 0.26305428 0.35308662 -0.15717058 -0.28901866 0.61189353 0.46244597 -0.596873 -0.024544759 -0.16314879 0.3168249 -0.122290485 0.42898887 0.25699413 0.20541893 -0.28335485 -0.4632503 0.4754657 -0.20637694 -0.09838882 -0.2942806 0.009873719 -0.25732324 -0.13363984 -0.07997482 0.018008163 -0.06243713 0.101841785 0.09870135 0.36790437 -0.21359256 0.018525276
sl -0.52371234 -0.027044775 -0.14472158 -0.10937235 0.5988109 -0.050039142 0.40553713 -0.06458239 -0.4709673 -0.009894061 0.27287403 0.10118765 0.327313 -0.45601982 0.37345234 0.6041784 0.12740298 0.6051653 0.16580373 0.27457166 -0.4881942 -0.040014382 -0.028185492 0.6282864 -0.021435006 -0.31960762 -0.6560179 -0.07351606 -0.07197565 0.055330038 -0.3742212 -0.12186268 -0.043624613 0.47696868 -0.10471359 -0.21966419 -0.16772051 0.17169347 -0.26316208 0.14960152 0.23018204 -0.122313984 0.42451727 0.2194086 -0.22937247 -0.114201404 -0.05874669 0.053070065 0.2965195 -0.40077832
id -0.09781739 0.1821224 0.6048881 -0.15631269 0.42947805 -0.4970338 0.18377818 -0.3836637 0.29690668 0.22208291 0.283209 -0.1364212 -0.6350763 -0.10188807 -0.20461923 -0.4342203 -0.15434669 0.06819194 -0.71272296 0.21627858 0.230422 0.4794064 0.034444965 0.17048165 -0.462877 0.1852788 -0.20972872 -0.24167277 -0.11126314 -0.19558568 -0.16092311 0.07227603 -0.30603623 0.23337556 0.22177552 -0.312468 -0.43203062 -0.38634896 -0.20545349 0.23672372 -0.10900115 0.38211915 -0.5482888 -0.4690522 0.31311908 -0.46349582 0.3927215 -0.0009940505 -0.19954067 0.62627375
ru 0.088221796 0.0924487 0.39277107 0.16203474 -0.25281137 -0.673036 0.06235195 0.112601064 0.14300211 0.021085646 0.2737299 -0.19154783 0.6340218 -0.1295285 -0.008777738 0.26877335 0.09209412 -0.27259523 -0.031863187 0.2852897 0.07170347 -0.42358655 -0.004856051 0.5159355 -0.34496984 0.18346147 -0.12993756 -0.059476547 -0.09253452 0.24399814 -0.2145283 -0.33732396 0.073991604 0.546815 0.27978283 0.6626119 -0.1311277 -0.44901884 0.24380004 -0.25325507 0.050826423 -0.43515053 -0.18635988 -0.055118553 0.05865738 0.38061282 -0.282713 -0.6496849 0.10356063 0.10646857
no -0.4387856 -0.09074058 -0.17736867 0.36041299 -0.5083902 0.13911253 0.7333374 -0.2960314 -0.5525638 -0.05894053 0.48561963 0.1689229 -0.04195371 0.23902877 -0.6112569 0.19238889 0.011700147 -0.16584635 -0.6785912 0.11992299 -0.16604163 0.5372443 0.03487194 -0.2978344 0.48924857 -0.03265791 0.236352 0.0063502253 0.14058925 0.042114526 0.3419673 0.007878471 0.08566999 -0.409964 0.36218858 -0.14898737 -0.17901334 -0.17681378 -0.016150372 -0.0029830805 -0.2603507 -0.03784651 0.12130665 0.4397352 -0.17453745 0.30410713 -0.38637558 -0.37159666 0.134005 -0.31935018
nl 0.15762791 -0.34675068 0.024525402 0.40693706 -0.05208293 0.11446118 0.06657245 0.14822192 0.06042959 0.4004992 -0.0073164115 0.5768837 0.23091252 0.61513865 0.064652145 0.22070564 -0.63294697 -0.29749224 -0.41385186 0.32731664 0.15489396 0.044928845 -0.39709222 -0.19140753 0.0525053 0.00669692 -0.21450603 -0.30333206 -0.16436052 0.14096203 -0.16592889 0.5151892 0.023039993 0.24922825 0.3767925 -0.049519986 0.50933915 0.3478479 -0.56513613 0.41558397 -0.047653995 0.12445603 0.26329482 0.010422973 0.917038 0.18533823 -0.2409272 0.22510807 0.17464764 -0.57245755
bg 0.13104008 -0.017853087 -0.65436286 -0.036269058 -0.0058261473 -0.00037725596 -0.13563392 0.5773535 -0.3356556 -0.0020610343 0.3452508 -0.4403933 0.84148633 0.36583993 0.19349883 0.1873831 -0.05865237 -0.039719325 0.005133922 0.47419968 -0.07021659 -0.16726393 -0.49967852 0.38135847 -0.011484259 0.57340777 0.04604284 0.2946434 0.3491422 0.26264086 0.16705 -0.3675521 -0.16914219 -0.0017825429 0.7834357 -0.11621184 -0.3275292 0.12767938 0.11928801 -0.08472904 0.14584807 0.3184509 0.14913455 -0.30656785 -0.10972938 -0.28138956 0.3334646 0.11010942 -0.12078037 0.65661937
cs 0.21150893 0.2494804 -0.35492358 0.6457086 0.4684129 -0.34690076 0.4121346 0.16890395 -0.27148387 -0.37318182 -0.22909245 0.2856934 0.38772663 -0.15546031 -0.19902878 0.3383076 0.116511896 0.032173187 0.2629318 -0.13432664 -0.12012767 0.14032027 0.03062992 0.40529686 -0.008816079 -0.029448586 -0.09423124 -0.27392668 -0.43326116 0.13833424 -0.69079036 0.14865775 0.32455087 -0.075464316 -0.22701399 0.02066519 0.0067369323 0.18873732 0.28484 0.41919497 -0.20424825 0.1376813 -0.46165255 0.36364043 -0.3306196 0.24737318 -0.045509428 0.4757807 0.27908295 0.30072826
pl 0.32239655 0.38447866 0.071359456 -0.06109791 -0.3369157 -0.85202694 0.33875397 -0.38154867 -0.0068103443 0.27981028 -0.33239117 0.08234611 0.36821342 0.32467803 0.27746934 0.17618038 0.46221638 0.16046764 0.3598657 -0.29783535 0.07526375 -0.3376465 -0.064379014 0.020295555 -0.060478926 0.20175384 -0.35084522 -0.14769515 0.015412635 -0.14497742 -0.020442283 0.08131147 -0.53199005 -0.22183014 -0.13879009 -0.37115112 0.44761616 -0.54509205 -0.23488173 -0.035013303 -0.19999976 0.31308764 -0.12038384 0.07782343 -0.3306669 0.11161417 -0.55820847 0.016243925 0.045386575 0.2527503
hr -0.08973463 -0.07481668 -0.15449674 0.0758534 0.001260278 0.20746224 -0.11060531 -0.18953183 0.1978383 -0.25987703 0.18713991 0.031247687 0.57831717 -0.16194108 0.64746165 0.10880693 -0.5101442 0.093438104 0.20764773 -0.059229016 -0.1986627 0.5909579 -0.22058007 -0.020488204 -0.14789464 -0.29806885 -0.22764488 -0.28995767 0.3215113 0.35475 -0.3934136 -0.31983632 -0.7097756 0.13643384 -0.16007578 -0.18949614 -0.1921389 -0.20995435 -0.05912506 -0.20905471 0.5711354 -0.07344548 -0.42672303 0.5452356 0.0061396123 0.20835702 0.068921685 -0.58654475 0.34649548 0.13448696
sk 0.21457854 -0.0010126418 -0.5586007 0.06569884 -0.086748466 -0.1998727 -0.18516813 -0.06480169 0.023993285 -0.02138532 -0.55224264 -0.3568482 0.2887237 -0.33898732 -0.42516533 0.3516979 0.35491595 0.06507864 0.1616744 -0.16848399 0.046131797 0.15993851 -0.20535661 0.7518408 -0.10356715 0.33493862 -0.44320795 -0.24156225 -0.27164373 0.08899887 -0.2982288 0.10080018 0.23506138 -0.16488165 -0.30291185 0.08639613 -0.22613923 0.455437 -0.19834816 0.1364198 -0.28333628 0.4890727 -0.09977919 0.80659705 -0.021552296 -0.029990043 -0.16317937 -0.1135738 0.40039316 -0.16714175
hu -0.30097178 -0.56923014 -0.39693555 0.37032408 0.45045593 0.34125388 0.40066645 -0.5766845 0.3517012 0.36308762 0.10728344 0.0036625993 0.36970598 0.009788445 -0.25742537 -0.184202 0.26324907 -0.48912284 0.9250621 -0.033877544 -0.26896623 0.4505559 -0.45673147 0.34114122 -0.382714 -0.4238467 0.023281835 -0.3478051 -0.21074769 -0.16136661 0.27946836 -0.2292692 -0.3363017 -0.26465708 -0.026473226 0.8355917 0.3689157 0.072923355 0.13995062 -0.7089035 -0.26733786 0.38026288 0.3936213 -0.7306175 0.258911 0.19126098 0.14425962 0.38268498 -0.31625924 0.010454141
tr -0.121502556 -0.22173524 -0.15945755 -0.2861775 0.38105458 -0.38649634 0.5938888 0.20272057 0.23897016 0.2746896 -0.4396014 0.64585364 -0.34638575 0.28252113 -0.53606826 -0.2816876 0.42521298 -0.28711742 0.48329192 0.67212546 -0.15528062 0.0187727 -0.08783123 0.3045525 -0.1001173 -0.3876752 0.9962119 0.65138215 0.20184909 0.14531972 -0.016171332 -0.06770429 -0.45098007 -0.026243186 -0.2608236 -0.0033950068 0.30482343 0.6112113 -0.1787323 -0.8927759 0.33342114 -0.06884818 -0.58147657 -0.036611546 0.58415717 -0.06705025 0.16707824 -0.26518136 0.011871937 -0.40702426
uk 0.25457403 0.49375874 -0.10687752 -0.31913278 -0.29175988 -0.38820022 0.6136522 0.31197104 0.23535742 0.19655675 0.25195792 -0.35510617 0.46571139 -0.1452594 0.016777905 0.29627553 0.21549748 -0.25789812 0.1327399 0.03965487 -0.13021742 -0.50941586 0.30939928 -0.19584413 -0.008610397 -0.09962962 -0.24189451 -0.4447514 -0.4143669 -0.034706388 0.13299988 -0.39875802 -0.010613997 0.45038652 0.31920102 0.46422485 -0.2426599 -0.0030803408 -0.4077313 -0.45361805 0.07296782 -0.16649015 -0.18450928 0.2118363 0.2503963 -0.09945476 -0.18593101 -0.05624565 0.31113186 0.42709368
sv -0.565812 0.5276178 -0.19655108 0.48476794 -0.45543543 0.44924632 0.18706454 -0.4458588 0.40132752 -0.41823232 0.08519968 0.33988893 -0.07183339 -0.07780085 -0.47755584 -0.13067198 0.027426459 0.083753936 -0.045834444 0.34172782 -0.3240016 -0.11039443 0.33035967 -0.33031473 -0.5138101 0.4446684 -0.6340638 0.34370673 0.5987745 -0.08731572 0.35929215 0.28736293 0.14988285 -0.66857564 0.28426468 0.0845874 -0.23571205 0.13050902 -0.29690412 0.003023252 0.42490944 0.29957506 0.14340493 0.011852397 0.2738417 0.7014961 -0.24809675 0.41332906 0.45612696 -0.3255741
et 0.32351378 -0.40135133 0.2988112 -0.6452906 0.53994554 0.31168628 0.16594844 -0.40588006 -0.30000862 -0.037297238 -0.610169 0.5799745 0.37248206 -0.3158853 0.4414618 0.01453492 0.5029512 -0.0074346922 0.059383065 0.16955882 -0.11548558 0.2772407 -0.013325318 0.12765412 -0.14902776 -0.123986505 0.73850787 -0.3705797 -0.22436537 -0.011849925 0.31865492 -0.14390025 0.35050464 -0.22814107 0.38099137 0.20590413 -0.6775184 0.22030824 -0.49247867 -0.059835616 0.27872622 0.17097242 0.28165662 0.08788252 -0.07377882 0.7049417 -0.41152257 0.08861739 -0.29414502 0.0013612699
fi -0.019817958 0.23168702 0.48831984 -0.06224445 0.5371246 0.16505271 0.0283532 0.038898345 -0.39642632 -0.32760143 -0.18244906 -0.50398767 0.22003293 0.6541137 0.27247152 0.029610291 0.42295894 0.25218672 -0.06921268 -0.18367241 -0.40934187 0.09607533 0.22494863 0.10270834 -0.46843305 -0.19484948 0.40762365 0.0037103158 -0.36759228 -0.29003242 -0.13591003 -0.6363062 0.2499814 -0.677783 0.4476694 0.0100008715 0.24423671 0.12542114 0.03510917 -0.6113086 0.23590367 0.34473956 0.1462348 0.2202 0.3626272 0.5679807 -0.0571538 -0.20485242 -0.6076411 -0.27166507
